0002P         2010 08  6.5102  0.336152  0.848265  186.5242  334.5718   11.7843  20100104  11.5  6.0  2P/Encke                                                 MPC 59600
0008P         2008 01 26.7800  1.028098  0.819471  207.5121  270.3486   54.9708  20100104   8.0  8.0  8P/Tuttle                                                MPC 61707
0009P         2011 01 12.3464  1.509915  0.516732  178.9252   68.9190   10.5226  20100104   5.5 10.0  9P/Tempel                                                MPC 62880
0010P         2010 07  4.9010  1.422778  0.536251  195.6532  117.8262   12.0225  20100104   5.0 10.0  10P/Tempel                                               MPC 59600
0014P         2009 02 27.3705  2.724434  0.357832  159.0240  202.1176   27.9437  20100104   5.5 12.0  14P/Wolf                                                 MPC 56802
0017P         2007 05  5.0146  2.053357  0.432872   24.3499  326.8536   19.1145  20100104  10.0  6.0  17P/Holmes                                               MPC 51822
0022P         2009 05 25.3703  1.577199  0.544352  162.7883  120.8888    4.7235  20100104   3.0 10.4  22P/Kopff                                                MPC 66205
0024P         2009 08  9.6196  1.213888  0.703580   57.9951   79.7161   11.7293  20100104   6.5 14.0  24P/Schaumasse                                           MPC 56804
0029P         2004 07  9.1481  5.718738  0.045138   48.7702  312.6345    9.3930  20100104   4.0  4.0  29P/Schwassmann-Wachmann                                 MPC 42666
0030P         2010 04 19.5581  1.884062  0.500939   13.2123  119.7544    8.1224  20100104   9.5  6.0  30P/Reinmuth                                             MPC 59599
0031P         2010 09 29.8686  3.424174  0.192420   17.9936  114.1900    4.5473  20100104   5.0  8.0  31P/Schwassmann-Wachmann                                 MPC 59600
0036P         2011 12 31.3155  3.087407  0.258728  201.8816  182.3954    9.9358  20100104   8.5  6.0  36P/Whipple                                              MPC 62883
0037P         2011 12 10.7873  1.573948  0.541252  329.3852  315.0488    8.9605  20100104  10.5  4.8  37P/Forbes                                               MPC 62882
0043P         2010 07  1.7165  1.357702  0.594627  191.4419  249.9078   15.9650  20100104   8.0  6.0  43P/Wolf-Harrington                                      MPC 59600
0044P         2008 02 18.5052  2.107590  0.428481   58.1605  286.6006    5.9030  20100104   8.3  6.0  44P/Reinmuth                                             MPC 60465
0047P         2009 02  1.1041  2.799463  0.319016  357.7233  356.9821   13.0530  20100104   1.0 11.2  47P/Ashbrook-Jackson                                     MPC 56802
0049P         2011 10 19.0545  1.418772  0.601105  332.9242  118.9407   19.0872  20100104  11.3  4.4  49P/Arend-Rigaux                                         MPC 62882
0054P         2009 11 28.4918  2.171998  0.426595    1.9061  358.8532    6.0685  20100104  10.0  6.0  54P/de Vico-Swift-NEAT                                   MPC 66922
0059P         2009 03  7.6452  2.355394  0.475342  127.5261  313.0354    9.3405  20100104   7.0  6.0  59P/Kearns-Kwee                                          MPC 64498
0061P         2008 09  6.2314  2.108221  0.426850  221.6727  163.1087    6.0095  20100104   6.0 10.0  61P/Shajn-Schaldach                                      MPC 63377
0064P         2009 06 14.3689  1.377063  0.689664   96.3147  300.7432    8.9510  20100104   8.5 12.0  64P/Swift-Gehrels                                        MPC 66706
0065P         2010 03  2.1224  2.440370  0.319389  196.6319   68.3568   10.3865  20100104   5.0  6.0  65P/Gunn                                                 MPC 59598
0067P         2009 02 28.3819  1.246286  0.640313   12.7019   50.1884    7.0413  20100104  11.0  4.0  67P/Churyumov-Gerasimenko                                MPC 56802
0068P         2009 01 20.9725  1.759371  0.640416  153.9915  175.3268   11.1446  20100104  10.0  4.0  68P/Klemola                                              MPC 56802
0074P         2009 07 29.9266  3.557569  0.147450   87.1876   77.0919    6.6476  20100104   5.0  6.0  74P/Smirnova-Chernykh                                    MPC 56804
0077P         2009 07  7.8598  2.310389  0.357955  196.6995   14.9174   24.3990  20100104   7.0  8.0  77P/Longmore                                             MPC 56804
0081P         2010 02 22.7042  1.598052  0.537400   41.7948  136.0974    3.2374  20100104   7.0  6.0  81P/Wild                                                 MPC 67148
0082P         2010 01 12.0813  3.633375  0.122228  226.2674  239.5100    1.1261  20100104   5.0  8.0  82P/Gehrels                                              MPC 59598
0088P         2009 10 12.4630  1.363448  0.562066  235.9600   56.7529    4.3817  20100104  11.0  6.0  88P/Howell                                               MPC 66205
0089P         2009 08 17.1125  2.279762  0.399834  249.3256   42.3614   12.0321  20100104  11.5  6.0  89P/Russell                                              MPC 56804
0094P         2010 03 29.7678  2.240250  0.363089   92.8489   70.9180    6.1823  20100104   9.0  6.0  94P/Russell                                              MPC 59599
0097P         2011 08 22.5545  2.588399  0.459569  228.6788  185.2536   17.8773  20100104   5.5  6.0  97P/Metcalf-Brewington                                   MPC 62881
0099P         2007 01 28.6835  4.739022  0.229293  174.5096   28.2166    4.3323  20100104   4.5  6.0  99P/Kowal                                                MPC 51821
0100P         2009 12  6.1484  1.982408  0.418600  181.7084   37.8449   25.6545  20100104   9.0  8.0  100P/Hartley                                             MPC 56805
0104P         2010 05  4.6237  1.179682  0.638286  200.5426  235.5202   10.2678  20100104  12.5  4.0  104P/Kowal                                               MPC 59599
0116P         2009 07 18.8385  2.174943  0.374438  173.5826   21.0339    3.6130  20100104   2.5 10.0  116P/Wild                                                MPC 62583
0117P         2005 12 20.8059  3.044608  0.255093  223.0283   58.9311    8.7015  20100104   2.5  8.0  117P/Helin-Roman-Alu                                     MPC 45658
0118P         2010 01  2.3109  1.983924  0.427348  302.1445  151.8072    8.5094  20100104  12.0  4.0  118P/Shoemaker-Levy                                      MPC 66922
0119P         2014 04  3.5061  3.037362  0.290839  181.0851  244.0741    5.1920  20100104   3.5  8.0  119P/Parker-Hartley                                      MPC 52907
0123P         2011 07  4.5452  2.130191  0.447866  102.7883   46.6017   15.3544  20100104   4.0 10.0  123P/West-Hartley                                        MPC 62881
0126P         2010 02 22.6752  1.713392  0.696607  356.7343  357.7611   45.8294  20100104   6.0  8.0  126P/IRAS                                                MPC 66205
0127P         2009 10 21.3714  2.195719  0.362309    6.5425   13.6846   14.3218  20100104  11.0  6.0  127P/Holt-Olmstead                                       MPC 67414
0128P         2007 06 13.4842  3.064743  0.320546  210.3538  214.3648    4.3585  20100104   8.5  4.0  128P/Shoemaker-Holt                                      MPC 51822
0131P         2012 01  8.0520  2.418612  0.342749  179.6394  214.2224    7.3548  20100104  11.0  4.0  131P/Mueller                                             MPC 65937
0136P         2007 10 22.9725  2.961880  0.293540  225.0169  137.5519    9.4274  20100104  11.0  4.0  136P/Mueller                                             MPC 60282
0137P         2009 05 13.6033  1.915448  0.574556  140.8308  233.1192    4.8534  20100104  11.0  4.0  137P/Shoemaker-Levy                                      MPC 56803
0139P         2008 04 19.7474  3.402684  0.247264  165.5955  242.4255    2.3287  20100104   9.5  4.0  139P/Vaisala-Oterma                                      MPC 60666
0141P         2010 05 29.7153  0.757705  0.749138  149.3454  246.0891   12.8038  20100104  12.0 12.0  141P/Machholz                                            MPC 59599
0142P         2010 05 30.7762  2.487715  0.499820  175.7984  176.5253   12.3029  20100104   8.5  6.0  142P/Ge-Wang                                             MPC 59599
0143P         2009 06 12.1976  2.538264  0.409605  320.7641  245.3670    4.6902  20100104  13.5  2.0  143P/Kowal-Mrkos                                         MPC 56803
0145P         2009 03 26.6599  1.891468  0.542322   10.1635   26.8972   11.2990  20100104  13.5  4.0  145P/Shoemaker-Levy                                      MPC 56803
0149P         2010 02 19.2176  2.650924  0.388534   43.7697  145.2659   29.7350  20100104   8.0  8.0  149P/Mueller                                             MPC 59598
0150P         2008 11 25.9495  1.768067  0.545578  245.6740  272.4280   18.4994  20100104  13.5  4.0  150P/LONEOS                                              MPC 54170
0152P         2012 07  9.4754  3.112708  0.308032  163.9090   91.9528    9.8689  20100104  11.5  4.0  152P/Helin-Lawrence                                      MPC 65938
0157P         2010 02 20.5347  1.360164  0.601074  148.7460  300.1078    7.2775  20100104  10.0  4.0  157P/Tritton                                             MPC 66922
0158P         2012 09 15.4832  4.580351  0.029450  231.5503  137.3089    7.9085  20100104   9.0  4.0  158P/Kowal-LINEAR                                        MPC 65939
0162P         2010 03  8.4217  1.233063  0.596119  356.3052   31.2412   27.8159  20100104  12.0  4.0  162P/Siding Spring                                       MPC 59599
0164P         2011 06  2.5372  1.673924  0.541333  325.9236   88.3628   16.2666  20100104  11.0  4.0  164P/Christensen                                         MPC 62880
0166P         2002 05 15.8309  8.545933  0.382443  321.5725   64.4283   15.3682  20100104   5.5  4.0  166P/NEAT                                                MPC 54366
0167P         2001 05 17.8567 11.821981  0.273604  344.7716  295.7768   19.0897  20100104   9.5  2.0  167P/CINEOS                                              MPC 54367
0169P         2009 11 30.3045  0.607747  0.766797  217.9614  176.1885   11.2999  20100104  16.0  2.0  169P/NEAT                                                MPC 56805
0172P         2008 10 13.7322  2.241936  0.362978  179.3842   39.9408   11.5188  20100104  13.0  4.0  172P/Yeung                                               MPC 54825
0173P         2008 05 16.9608  4.212603  0.260768   29.6554  100.5442   16.4937  20100104   7.5  4.0  173P/Mueller                                             MPC 54987
0174P         2015 04 18.7377  5.826575  0.458018  162.6014  173.3902    4.3410  20100104   9.5  2.0  174P/Echeclus                                            CCO    17
0176P         2011 07  2.6531  2.575169  0.193455   35.9710  346.5055    0.2378  20100104  15.0  2.0  176P/LINEAR                                              CCO    17
0179P         2007 12  3.2500  4.086275  0.308873  295.4755  115.8466   19.8716  20100104   2.5  8.0  179P/Jedicke                                             MPC 66205
0180P         2008 05 27.0512  2.471904  0.357238   95.0969   84.7409   16.9036  20100104  11.0  4.0  180P/NEAT                                                MPC 62583
0183P         2008 05  7.2975  3.893296  0.134922  161.4384    5.8488   18.7369  20100104  12.5  2.0  183P/Korlevic-Juric                                      MPC 58540
0186P         2008 04 22.9446  4.279584  0.125987  282.6454  327.7730   28.8684  20100104   7.5  4.0  186P/Garradd                                             MPC 59045
0187P         2008 10 10.9078  3.695969  0.172528  132.6223  111.9998   13.7197  20100104   9.0  4.0  187P/LINEAR                                              MPC 62583
0195P         2009 01 20.6604  4.438228  0.314778  249.5837  243.2270   36.3621  20100104   8.5  4.0  195P/Hill                                                MPC 61438
0199P         2009 04  9.5980  2.934523  0.508860  191.9153   92.8785   24.7359  20100104  10.0  4.0  199P/Shoemaker                                           MPC 66205
0200P         2008 08 25.6681  3.272834  0.333581  133.8235  234.8143   12.1181  20100104   9.0  4.0  200P/Larsen                                              MPC 63139
0202P         2009 02  6.9677  2.526771  0.331034  255.5499  194.5665    2.1852  20100104  13.5  4.0  202P/Scotti                                              MPC 64116
0203P         2010 02  8.1941  3.182125  0.315069  154.5441  290.5643    2.9759  20100104  14.5  2.0  203P/Korlevic                                            MPC 63822
0211P         2009 05  7.6857  2.361882  0.337661    4.3694  117.2929   18.8712  20100104  12.5  4.0  211P/Hill                                                MPC 64768
0213P         2011 06 15.9957  2.123421  0.379743    3.2302  312.6870   10.2397  20100104  10.5  4.0  213P/Van Ness                                            MPC 65058
0215P         2010 06  7.8888  3.213460  0.200867  222.4199   75.4441   12.7911  20100104  11.0  4.0  215P/NEAT                                                MPC 67148
0217P         2009 09  8.9694  1.224011  0.689552  246.7486  125.6211   12.8815  20100104  12.0  4.0  217P/LINEAR                                              MPC 65648
0219P         2010 03  5.8344  2.364293  0.353187  107.7758  231.0714   11.5201  20100104  11.0  4.0  219P/LINEAR                                              MPC 65936
0220P         2009 12 15.4320  1.548625  0.502681  180.7575  150.1181    8.1327  20100104  15.0  4.0  220P/McNaught                                            MPC 65936
0223P         2010 08 14.7247  2.419237  0.417609   37.9245  346.8278   27.0542  20100104  12.0  4.0  223P/Skiff                                               MPC 66922
0224P         2010 01 31.8299  1.989595  0.416379   16.0912   40.5285   13.4361  20100104  15.5  4.0  224P/LINEAR-NEAT                                         MPC 66922
0226P         2009 05 11.2515  1.769207  0.529986  340.9630   54.0678   44.0212  20100104  12.5  4.0  226P/Pigott-LINEAR-Kowalski                              MPC 67148
0227P         2010 09  3.7223  1.794826  0.499869   90.1393   49.8858    6.5248  20100104  16.5  2.0  227P/Catalina-LINEAR                                     MPC 67148
0228P         2011 08 24.6820  3.430204  0.176412  114.9119   31.0709    7.9160  20100104  14.5  2.0  228P/LINEAR                                              MPC 67414
0229P         2009 08  4.2214  2.440269  0.377926  224.0181  157.9802   26.1104  20100104  13.0  4.0  229P/Gibbs                                               MPC 67685
0230P         2009 08  8.8333  1.485982  0.562902  308.7323  112.5092   14.6426  20100104  13.0  4.0  230P/LINEAR                                              MPC 67973
0231P         2011 05 17.3211  3.031875  0.246208   42.6041  133.0993   12.3289  20100104  14.5  2.0  231P/LINEAR-NEAT                                         MPC 68393
0232P         2009 10  1.4918  2.983174  0.334668   53.4226   56.1415   14.6344  20100104  11.5  4.0  232P/Hill                                                MPC 67974
    CJ95O010  1997 03 31.3492  0.908752  0.994949  130.5577  282.7984   89.2741  20100104  -2.0  4.0  C/1995 O1 (Hale-Bopp)                                    MPC 61436
    PJ96R020  2011 10 17.4742  2.612739  0.309537  334.0522   40.1905    2.6040  20100104  11.5  4.0  P/1996 R2 (Lagerkvist)                                   MPC 62882
    PJ98U030  2014 03 17.5523  2.154515  0.646988  180.9435  303.4905   19.0736  20100104   6.5  4.0  P/1998 U3 (Jager)                                        MPC 34421
    PJ98U040  2012 04 20.3650  3.851770  0.311812  251.6693  181.3875   31.6530  20100104   8.0  4.0  P/1998 U4 (Spahr)                                        MPC 65938
    PJ98V24S  2008 05 25.1717  3.422699  0.242896  244.4575  159.1698    5.0267  20100104  13.0  2.0  P/1998 VS24 (LINEAR)                                     MPC 54169
    PJ99U030  2010 07 18.4616  1.921420  0.611471  110.1262  305.9864   20.8867  20100104  13.5  4.0  P/1999 U3 (LINEAR)                                       MPC 59600
    PJ99X69B  2009 07 25.8986  1.652056  0.630821  220.3234  256.0484   11.3058  20100104  17.5  2.0  P/1999 XB69 (LINEAR)                                     MPC 56804
    PJ99XC0N  2008 11 12.3926  3.303667  0.211209  161.5865  285.4414    5.0250  20100104  13.5  2.0  P/1999 XN120 (Catalina)                                  MPC 54170
    PK00Y030  2012 01  6.1384  3.935693  0.204279   90.3891  354.3342    2.2676  20100104   9.0  4.0  P/2000 Y3 (Scotti)                                       MPC 65937
    PK01R060  2010 03 26.1195  2.178615  0.477875  308.4436   67.3328   17.3853  20100104  13.0  4.0  P/2001 R6 (LINEAR-Skiff)                                 MPC 59599
    PK02Q010  2009 03 20.9758  1.551434  0.563929  185.0407  173.9937   36.2802  20100104  13.0  4.0  P/2002 Q1 (Van Ness)                                     MPC 56803
    CK02V94Q  2006 02  6.2493  6.796477  0.963844  100.0490   34.9913   70.5828  20100104   9.5  2.0  C/2002 VQ94 (LINEAR)                                     MPC 59874
    PK02X020  2010 10  4.7462  2.127361  0.449987  351.7898   75.0111   23.5326  20100104  12.0  4.0  P/2002 X2 (NEAT)                                         MPC 59600
    PK03H15T  2013 03 17.9549  2.688217  0.418040  124.2324   81.4461   27.6479  20100104  14.0  2.0  P/2003 HT15 (LINEAR)                                     MPC 49277
    PK03S020  2011 03  4.1712  2.455233  0.359086  284.0283   87.7518    7.6372  20100104  12.5  4.0  P/2003 S2 (NEAT)                                         MPC 62880
    PK03UR5Y  2010 09  9.5824  1.830950  0.508972  119.3539  245.6878   16.3327  20100104  14.0  4.0  P/2003 UY275 (LINEAR)                                    MPC 59600
    CK03W42T  2006 04  9.5855  5.187108  0.999085   92.3961   48.4378   31.4442  20100104  11.5  2.0  C/2003 WT42 (LINEAR)                                     MPC 56169
    PK04A010  2004 09  3.9911  5.486909  0.310081   21.8410  124.9744   10.5515  20100104   6.5  4.0  P/2004 A1 (LONEOS)                                       MPC 60921
    CK04B010  2006 02  7.5560  1.608429  1.001207  328.0408  272.8732  114.0880  20100104  10.5  2.0  C/2004 B1 (LINEAR)                                       MPC 57131
    CK04D010  2006 02  9.7505  4.972244  0.998209   75.4933   62.2350   45.5753  20100104  11.5  2.0  C/2004 D1 (NEAT)                                         MPC 63599
    PK04F030  2013 01 29.1869  2.873608  0.285649  176.4275   78.8178   15.9778  20100104   9.0  4.0  P/2004 F3 (NEAT)                                         MPC 57793
    PK04FE0Y  2004 07 31.5664  4.110941  0.166943  239.4604  327.1793    2.1266  20100104  12.5  2.0  P/2004 FY140 (LINEAR)                                    MPC 54823
    PK04H18C  2010 12 29.5782  1.713755  0.509311   30.9829  219.4946   23.4905  20100104  16.5  2.0  P/2004 HC18 (LINEAR)                                     MPC 59601
    PK04R010  2010 02 23.6562  0.985688  0.682744    0.6859  295.9647    4.8937  20100104  18.5  4.0  P/2004 R1 (McNaught)                                     MPC 59598
    CK05EH3L  2007 03  5.0279  3.888912  1.001540  261.4873  344.8129  130.6735  20100104  11.5  2.0  C/2005 EL173 (LONEOS)                                    MPC 61702
    PK05J05Q  2009 12 28.8496  0.823087  0.694235  222.7430   95.8324    5.6954  20100104  17.5  4.0  P/2005 JQ5 (Catalina)                                    MPC 56805
    PK05L010  2013 11 23.2160  3.150444  0.208535  149.9551  138.3037    7.7358  20100104   9.5  4.0  P/2005 L1 (McNaught)                                     MPC 54559
    CK05L030  2008 01 16.9371  5.594782  1.000916   47.1949  288.7575  139.4477  20100104   4.0  4.0  C/2005 L3 (McNaught)                                     MPC 59596
    PK05R25V  2006 11  4.5807  3.600540  0.166660  191.2061  246.8783    9.8876  20100104   9.5  4.0  P/2005 RV25 (LONEOS-Christensen)                         MPC 55978
    PK05S020  2006 06 30.7417  6.398015  0.198633  229.9520  161.2031    3.1410  20100104   7.5  4.0  P/2005 S2 (Skiff)                                        MPC 54987
    CK05S040  2007 07 19.9712  5.854285  0.999437   31.5871  318.2889  107.9589  20100104   5.0  4.0  C/2005 S4 (McNaught)                                     MPC 60464
    PK05SL6B  2007 02 10.7563  3.811449  0.463597   83.3928    1.6744   24.1182  20100104  12.0  2.0  P/2005 SB216 (LONEOS)                                    MPC 61994
    CK06E010  2007 01  7.9768  6.044566  1.003313  232.8998   95.0508   83.1815  20100104   6.0  4.0  C/2006 E1 (McNaught)                                     MPC 65935
    PK06F010  2008 02 18.7827  4.120268  0.118673  186.7775  124.7595   21.2750  20100104   8.0  4.0  P/2006 F1 (Kowalski)                                     MPC 60465
    CK06K040  2007 11 29.6642  3.189702  0.998691  233.6735  116.6117  111.3342  20100104   6.0  4.0  C/2006 K4 (NEAT)                                         MPC 62270
    CK06O02F  2008 09 15.7610  2.431263  1.001474   95.6209  318.5064   30.1680  20100104   5.5  4.0  C/2006 OF2 (Broughton)                                   MPC 62270
    CK06Q010  2008 07  3.7526  2.763578  0.999146  344.3644  199.5564   59.0539  20100104   5.0  4.0  C/2006 Q1 (McNaught)                                     MPC 61994
    CK06S030  2012 04 16.6943  5.135503  1.000994  140.0641   38.3385  166.0291  20100104   2.0  4.0  C/2006 S3 (LONEOS)                                       MPC 61702
    CK06U060  2008 06  5.5682  2.497669  0.999087  276.5942  180.1828   84.8981  20100104   8.0  4.0  C/2006 U6 (Spacewatch)                                   MPC 66204
    CK06W030  2009 07  6.6278  3.126094  1.000373  133.5167  113.5828  127.0548  20100104   5.0  4.0  C/2006 W3 (Christensen)                                  MPC 61436
    CK07B020  2008 08 21.1139  2.977691  0.996346  206.1423   14.8208   27.4979  20100104   6.0  4.0  C/2007 B2 (Skiff)                                        MPC 66700
    CK07D010  2007 06 15.5271  8.788560  0.994758  339.9941  171.0936   41.5474  20100104   3.5  4.0  C/2007 D1 (LINEAR)                                       MPC 61436
    CK07G010  2008 11 16.3509  2.647468  1.001664  224.0007   79.0023   88.3268  20100104   5.5  4.0  C/2007 G1 (LINEAR)                                       MPC 66464
    PK07H010  2007 08 18.1019  2.282143  0.378390  202.7364  144.3643   11.8749  20100104  10.0  4.0  P/2007 H1 (McNaught)                                     MPC 62270
    CK07M010  2008 08 12.7554  7.476212  0.995920   52.7011  326.8070  139.7209  20100104   6.0  4.0  C/2007 M1 (McNaught)                                     MPC 63376
    CK07M020  2008 12  8.5286  3.541109  0.998512  220.6680  357.2914   80.9534  20100104   8.0  4.0  C/2007 M2 (Catalina)                                     MPC 68392
    CK07N030  2009 01 10.6469  1.211828  0.999998  136.8603  338.5489  178.3738  20100104   6.5  4.0  C/2007 N3 (Lulin)                                        MPC 65054
    CK07Q030  2009 10  7.2643  2.251633  1.000208    2.0880  149.4132   65.6502  20100104   4.5  4.0  C/2007 Q3 (Siding Spring)                                MPC 61437
    PK07R010  2007 08 25.0157  4.354467  0.278517  175.3125  181.6407    7.8742  20100104   8.0  4.0  P/2007 R1 (Larson)                                       MPC 65645
    CK07S020  2008 09 13.6677  5.556688  0.556354  210.3846  296.2218   16.8563  20100104   6.5  4.0  C/2007 S2 (Lemmon)                                       MPC 64767
    CK07T050  2008 05 23.8150  4.048095  0.912302   34.3636  109.8298   45.6152  20100104   8.0  4.0  C/2007 T5 (Gibbs)                                        MPC 65935
    CK07U010  2008 08  7.1863  3.331797  1.001143    1.1232   50.1810  157.8021  20100104   9.0  4.0  C/2007 U1 (LINEAR)                                       MPC 66921
    CK07V53O  2010 04 26.4259  4.842675  0.999774   75.0226   59.7405   86.9914  20100104   7.0  4.0  C/2007 VO53 (Spacewatch)                                 MPC 63821
    CK08A010  2008 09 29.0927  1.073510  1.000346  348.4764  277.8961   82.5438  20100104   6.5  4.0  C/2008 A1 (McNaught)                                     MPC 65935
    PK08C94L  2006 06 23.3353  5.425919  0.119666   81.4037   33.4527    8.3530  20100104   8.0  4.0  P/2008 CL94 (Lemmon)                                     MPC 65645
    CK08E010  2008 08 11.7607  4.828423  0.548696  269.9825  189.0071   35.0439  20100104   7.0  4.0  C/2008 E1 (Catalina)                                     MPC 64113
    CK08E030  2008 08  2.8099  5.532200  0.998698  218.1581  105.6825  105.0777  20100104   6.0  4.0  C/2008 E3 (Garradd)                                      MPC 68392
    CK08F75K  2010 09 29.1009  4.511274  1.002965   80.4009  218.2614   61.1718  20100104   5.0  4.0  C/2008 FK75 (Lemmon-Siding Spring)                       MPC 64767
    CK08G010  2009 01 12.2417  3.989438  0.988586   63.7571  215.9177   72.8479  20100104   9.5  4.0  C/2008 G1 (Gibbs)                                        MPC 63136
    PK08J020  2008 03 20.3501  2.399428  0.310004  131.4777   98.1538   10.2519  20100104   9.0  4.0  P/2008 J2 (Beshore)                                      MPC 63376
    PK08J030  2009 03 10.8271  2.287353  0.412467    4.4477    9.8525   25.3991  20100104  12.0  4.0  P/2008 J3 (McNaught)                                     MPC 67971
    CK08N010  2009 09 25.9041  2.783608  0.997322  100.8185  357.4716  115.5209  20100104   9.0  4.0  C/2008 N1 (Holmes)                                       MPC 65935
    PK08O020  2009 04 21.8137  3.804004  0.152789   27.5013  325.8593    9.5184  20100104   9.0  4.0  P/2008 O2 (McNaught)                                     MPC 66921
    CK08P010  2009 07 22.9634  3.896266  1.001321   11.8694  357.6789   64.3137  20100104   7.0  4.0  C/2008 P1 (Garradd)                                      MPC 64114
    CK08Q010  2008 12 30.2172  2.959302  0.995385  104.4953    9.3043  118.6339  20100104  10.0  4.0  C/2008 Q1 (Maticic)                                      MPC 65935
    CK08Q030  2009 06 23.1055  1.798191  0.999820  340.8627  219.7372  140.7079  20100104  10.0  4.0  C/2008 Q3 (Garradd)                                      MPC 66204
    CK08S030  2011 06  5.0723  8.020098  1.000839   39.8102   54.9322  162.7015  20100104   4.0  4.0  C/2008 S3 (Boattini)                                     MPC 66921
    PK08T010  2008 02 26.8723  3.044674  0.281092   35.9885  291.7676    2.0829  20100104  11.0  4.0  P/2008 T1 (Boattini)                                     MPC 67413
    CK08T020  2009 06 13.2363  1.202372  1.000102  215.8756  309.6784   56.3035  20100104   6.0  4.0  C/2008 T2 (Cardinal)                                     MPC 66921
    PK08W96Z  2009 01 23.9637  1.646320  0.509932  337.6473   59.1013    6.9574  20100104  13.5  4.0  P/2008 WZ96 (LINEAR)                                     MPC 66204
    PK08Y030  2009 01 11.5904  4.433900  0.447374  238.2465  262.9165   38.8122  20100104   8.5  4.0  P/2008 Y3 (McNaught)                                     MPC 65936
    CK09E010  2009 04  7.9216  0.599487  0.985045   48.9443  105.9645  127.4319  20100104  11.5  4.0  C/2009 E1 (Itagaki)                                      MPC 66465
    CK09F020  2009 11 14.2727  5.875201  0.983243  336.3592  214.0564   59.3585  20100104   6.0  4.0  C/2009 F2 (McNaught)                                     MPC 66204
    CK09F040  2011 12 31.5588  5.455582  1.002893  260.3557   53.5660   79.3228  20100104   3.0  4.0  C/2009 F4 (McNaught)                                     MPC 68392
    CK09F050  2008 11  4.7970  2.245115  0.971709  297.3562  219.0683   84.9973  20100104  10.0  4.0  C/2009 F5 (McNaught)                                     MPC 66204
    CK09F060  2009 05  7.4311  1.274083  0.997512  129.7685  278.6763   85.7605  20100104   6.0  4.0  C/2009 F6 (Yi-SWAN)                                      MPC 67147
    CK09G010  2009 04 16.5059  1.128933  0.997745  175.4547  120.6388  108.3098  20100104   9.0  4.0  C/2009 G1 (STEREO)                                       MPC 66466
    CK09K020  2010 02  7.5088  3.246168  0.997818  147.6986  123.8052   66.8218  20100104  10.0  4.0  C/2009 K2 (Catalina)                                     MPC 67683
    CK09K030  2011 01  9.266   3.90156   1.00000   251.413     0.032   146.680              8.5  4.0  C/2009 K3 (Beshore)                                      MPC 66205
    CK09K040  2009 06 19.3669  1.549026  0.963334  127.4612   30.1201   34.8264  20100104  13.0  4.0  C/2009 K4 (Gibbs)                                        MPC 66703
    CK09K050  2010 04 30.0193  1.422371  1.000822   66.1725  257.8562  103.8784  20100104   7.5  4.0  C/2009 K5 (McNaught)                                     MPC 67973
    CK09O020  2010 03 24.4061  0.695375  0.997468  133.4060  310.2309  107.9574  20100104  11.0  4.0  C/2009 O2 (Catalina)                                     MPC 68392
    PK09O030  2009 05 18.5747  2.449937  0.686636  154.5450  183.7644   16.2178  20100104  12.5  4.0  P/2009 O3 (Hill)                                         MPC 67147
    CK09O040  2010 01  1.2816  2.563791  1.000903  223.7321  172.9388   95.8292  20100104  10.0  4.0  C/2009 O4 (Hill)                                         MPC 67147
    CK09P010  2011 12 24.1647  1.550134  0.999890   90.7970  325.9677  106.2447  20100104   4.0  4.0  C/2009 P1 (Garradd)                                      MPC 67973
    CK09P020  2010 02 10.6248  6.543868  1.001636   76.0493   60.3723  163.4536  20100104   6.0  4.0  C/2009 P2 (Boattini)                                     MPC 67147
    PK09Q010  2009 07  3.8083  2.788798  0.496114  157.8435  174.0871   14.4382  20100104  11.5  4.0  P/2009 Q1 (Hill)                                         MPC 67147
    PK09Q040  2009 11 19.9226  1.320848  0.579115  320.0122  127.6717   10.9691  20100104  15.5  4.0  P/2009 Q4 (Boattini)                                     MPC 67684
    PK09Q050  2009 09  8.5509  2.918549  0.608871  209.2689  160.1409   40.9058  20100104  10.0  4.0  P/2009 Q5 (McNaught)                                     MPC 67413
    PK09Q31G  2009 10 10.3996  2.147831  0.398905    5.9191  346.2592    5.0554  20100104  14.0  4.0  P/2009 QG31 (La Sagra)                                   MPC 67413
    CK09R010  2010 07  2.6345  0.404913  1.000426  130.6999  322.6287   77.0248  20100104   8.0  4.0  C/2009 R1 (McNaught)                                     MPC 67148
    PK09S020  2009 06 23.6355  2.203702  0.470272  230.3770  121.6126   28.4490  20100104  14.0  4.0  P/2009 S2 (McNaught)                                     MPC 67148
    CK09S030  2011 12 10.342   6.48092   1.00000   129.636   225.114    60.385              6.5  4.0  C/2009 S3 (Lemmon)                                       MPC 67413
    PK09SS0K  2009 05 23.7492  4.199477  0.120539  328.2127   36.4076   16.8110  20100104  11.0  4.0  P/2009 SK280 (Spacewatch-Hill)                           MPC 67684
    CK09T010  2009 10  8.4396  6.220732  0.998802  282.5450   54.3985   89.8971  20100104   6.5  4.0  C/2009 T1 (McNaught)                                     MPC 67973
    PK09T020  2010 01 12.8469  1.754825  0.769125  215.4725  215.9852   28.1096  20100104  14.0  4.0  P/2009 T2 (La Sagra)                                     MPC 67684
    CK09T030  2010 01 12.0671  2.281092  0.999309   32.4515   60.0929  148.7414  20100104  12.5  4.0  C/2009 T3 (LINEAR)                                       MPC 67973
    CK09U010  2010 07  7.819   2.96357   1.00000     6.404    67.196    68.944             10.5  4.0  C/2009 U1 (Garradd)                                      MPC 67414
    CK09U030  2010 03 20.2540  1.414473  0.991628   77.6991   49.3229   51.2627  20100104  13.0  4.0  C/2009 U3 (Hill)                                         MPC 67973
    PK09U040  2009 09  9.0741  1.648932  0.675141  259.8979   55.6955   10.0928  20100104  14.0  4.0  P/2009 U4 (McNaught)                                     MPC 67973
    CK09U050  2010 06 22.9168  6.093475  0.999392   23.8537  121.1744   25.4743  20100104   7.0  4.0  C/2009 U5 (Grauer)                                       MPC 67973
    CK09W020  2010 05  1.7599  6.907170  0.999808  121.3343  199.5812  164.4903  20100104   7.0  4.0  C/2009 W2 (Boattini)                                     MPC 68392
    CK09Y010  2011 01 28.9358  2.520218  0.993109  127.4017  160.2756  107.3152  20110208   9.0  4.0  C/2009 Y1 (Catalina)                                     MPEC 2010-C27
    PK09Y020  2010 03 30.6982  2.339083  0.640091  171.9611  262.1295   29.9282            13.0  4.0  P/2009 Y2 (Kowalski)                                     MPEC 2010-C28
    PK10A010  2009 08  6.9343  1.949859  0.554199   13.1405   47.4073   10.3324            13.0  4.0  P/2010 A1 (Hill)                                         MPEC 2010-C29
    PK10A020  2009 12  4.2279  2.011929  0.123091  133.2818  320.1150    5.2937  20100104  15.5  4.0  P/2010 A2 (LINEAR)                                       MPEC 2010-C30
    PK10A030  2010 04  3.6834  1.621834  0.732109   41.2820   64.8293   15.0281  20100104  14.0  4.0  P/2010 A3 (Hill)                                         MPC 68393
    CK10A040  2010 10  7.775   2.74132   1.00000   271.507   346.736    96.797             10.5  4.0  C/2010 A4 (Siding Spring)                                MPEC 2010-C31
    PK10A050  2010 04 19.397   1.71122   0.66251   306.775   277.906     5.783             13.0  4.0  P/2010 A5 (LINEAR)                                       MPEC 2010-C32
    CK10B010  2011 02  6.888   2.94261   1.00000   211.474   277.200   101.996              7.5  4.0  C/2010 B1 (Cardinal)                                     MPEC 2010-C33
    PK10B020  2009 12 20.8910  1.606972  0.463138  155.4007    0.6617    8.8897  20100104  17.0  4.0  P/2010 B2 (WISE)                                         MPEC 2010-C23
    PK10C010  2009 12  1.2702  5.235048  0.258847    3.6353  142.0341    9.1426  20091125   9.5  4.0  P/2010 C1 (Scotti)                                       MPEC 2010-C26
